lastw920

             precision    recall  f1-score   support

      PROPN       0.93      0.82      0.87      2188
        AUX       0.99      1.00      0.99        95
        DET       0.96      0.94      0.95       367
       NOUN       0.91      0.90      0.91      2557
       PRON       0.99      0.97      0.98       455
       VERB       0.96      0.94      0.95      1240
        ADP       0.97      0.96      0.97      1142
      PUNCT       1.00      1.00      1.00      1127
        ADV       0.89      0.85      0.87       478
      CCONJ       0.99      0.91      0.95       370
      SCONJ       0.74      0.89      0.81       142
        NUM       0.93      0.83      0.88       398
        ADJ       0.81      0.78      0.80       423
       PART       0.92      0.94      0.93        48
        SYM       1.00      1.00      1.00        30
          X       0.00      0.00      0.00         1

avg / total       0.94      0.90      0.92     11061

F-1 Score:
0.920042398267

lastw921

             precision    recall  f1-score   support

      PROPN       0.93      0.83      0.87      2188
        AUX       0.99      1.00      0.99        95
        DET       0.96      0.95      0.95       367
       NOUN       0.92      0.90      0.91      2557
       PRON       0.99      0.96      0.98       455
       VERB       0.95      0.94      0.95      1240
        ADP       0.97      0.97      0.97      1142
      PUNCT       1.00      1.00      1.00      1127
        ADV       0.88      0.86      0.87       478
      CCONJ       0.96      0.92      0.94       370
      SCONJ       0.76      0.82      0.79       142
        NUM       0.92      0.83      0.87       398
        ADJ       0.84      0.76      0.80       423
       PART       0.92      0.96      0.94        48
        SYM       1.00      1.00      1.00        30
          X       0.00      0.00      0.00         1

avg / total       0.94      0.90      0.92     11061

F-1 Score:
0.920779759436

