Both

             precision    recall  f1-score   support

      PROPN       0.92      0.93      0.92      2213
        AUX       0.99      0.98      0.98        96
        DET       0.94      0.91      0.93       369
       NOUN       0.88      0.91      0.90      2589
       PRON       0.99      0.95      0.97       461
       VERB       0.94      0.92      0.93      1250
        ADP       0.95      0.95      0.95      1153
      PUNCT       1.00      1.00      1.00      1168
        ADV       0.80      0.81      0.80       490
      CCONJ       0.94      0.89      0.92       375
      SCONJ       0.62      0.81      0.70       142
        NUM       0.90      0.89      0.89       407
        ADJ       0.81      0.70      0.75       430
       PART       0.97      0.76      0.85        49
        SYM       1.00      0.87      0.93        30
          X       0.00      0.00      0.00         1

avg / total       0.92      0.91      0.91     11223

