Using all hyperparam no embedding

>>> model.eval(x_test, y_test)
 - f1: 66.70

Using all hyperparam with glove embedding

>>> model.eval(x_test, y_test)
 - f1: 71.52

>>> printConfMat()
	B-LOC 	B-MISC 	B-ORG 	B-PER 	I-LOC 	I-MISC 	I-ORG 	I-PER 	O
B-LOC 	163 	21 	16 	2 	3 	2 	3 	1 	7 	
B-MISC 	17 	59 	26 	5 	1 	10 	4 	0 	19 	
B-ORG 	10 	20 	227 	9 	6 	4 	7 	1 	12 	
B-PER 	7 	9 	9 	370 	1 	7 	7 	21 	7 	
I-LOC 	4 	1 	0 	0 	115 	7 	8 	0 	6 	
I-MISC 	2 	11 	3 	3 	15 	63 	25 	7 	25 	
I-ORG 	2 	2 	4 	3 	12 	10 	92 	3 	23 	
I-PER 	0 	0 	0 	7 	3 	6 	4 	192 	2 	
O 	11 	29 	32 	35 	0 	12 	9 	5 	7185 	


>>> print classification_report(y_true, y_pred)
             precision    recall  f1-score   support

      B-LOC       0.75      0.75      0.75       218
     B-MISC       0.39      0.42      0.40       141
      B-ORG       0.72      0.77      0.74       296
      B-PER       0.85      0.84      0.85       438
      I-LOC       0.74      0.82      0.77       141
     I-MISC       0.52      0.41      0.46       154
      I-ORG       0.58      0.61      0.59       151
      I-PER       0.83      0.90      0.86       214
          O       0.99      0.98      0.98      7318

avg / total       0.93      0.93      0.93      9071

>>> f1_score(y_true, y_pred, average='micro', labels=labels)
0.72413793103448276

---------------------------------------------------------------------------------------------

 - f1: 71.61
             precision    recall  f1-score   support

      B-LOC       0.67      0.75      0.71       218
     B-MISC       0.46      0.35      0.40       141
      B-ORG       0.80      0.71      0.75       296
      B-PER       0.77      0.89      0.82       438
      I-LOC       0.60      0.91      0.73       141
     I-MISC       0.67      0.37      0.48       154
      I-ORG       0.71      0.54      0.62       151
      I-PER       0.79      0.89      0.84       214
          O       0.98      0.98      0.98      7318

avg / total       0.93      0.93      0.93      9071

[[ 164   14    6   12   11    1    2    3    5]
 [  26   50   16   12    3    4    4    1   25]
 [  18   14  210   27    7    0    8    1   11]
 [   4    5    0  388    2    5    2   22   10]
 [   4    0    0    1  128    2    1    3    2]
 [   2    7    4    6   24   57   12    9   33]
 [   0    0    4    4   26    3   82   10   22]
 [   1    0    0    8    5    6    0  190    4]
 [  26   18   21   48    6    7    4    2 7186]]
             precision    recall  f1-score   support

      B-LOC       0.67      0.75      0.71       218
     B-MISC       0.46      0.35      0.40       141
      B-ORG       0.80      0.71      0.75       296
      B-PER       0.77      0.89      0.82       438
      I-LOC       0.60      0.91      0.73       141
     I-MISC       0.67      0.37      0.48       154
      I-ORG       0.71      0.54      0.62       151
      I-PER       0.79      0.89      0.84       214
          O       0.98      0.98      0.98      7318

avg / total       0.93      0.93      0.93      9071

0.667501156036
0.719795802609

------------------------------------------------------------------------------

             precision    recall  f1-score   support

      B-LOC       0.76      0.81      0.78       218
     B-MISC       0.46      0.44      0.45       141
      B-ORG       0.67      0.82      0.74       296
      B-PER       0.89      0.82      0.85       438
      I-LOC       0.76      0.87      0.81       141
     I-MISC       0.51      0.52      0.51       154
      I-ORG       0.66      0.56      0.60       151
      I-PER       0.88      0.86      0.87       214
          O       0.98      0.98      0.98      7318

avg / total       0.94      0.93      0.94      9071

	B-LOC 	B-MISC 	B-ORG 	B-PER 	I-LOC 	I-MISC 	I-ORG 	I-PER 	O
B-LOC 	177 	7 	20 	0 	2 	3 	3 	1 	5 	
B-MISC 	21 	62 	20 	2 	2 	11 	3 	1 	19 	
B-ORG 	10 	14 	243 	3 	5 	7 	7 	1 	6 	
B-PER 	3 	8 	22 	360 	0 	4 	10 	14 	17 	
I-LOC 	4 	0 	0 	0 	122 	5 	3 	0 	7 	
I-MISC 	3 	5 	5 	3 	16 	80 	8 	4 	30 	
I-ORG 	2 	1 	7 	0 	14 	23 	84 	2 	18 	
I-PER 	0 	0 	1 	9 	0 	6 	5 	183 	10 	
O 	14 	39 	44 	29 	0 	18 	5 	1 	7168 	
0.702055917931
0.739841986456

-------------------------------------------------------------------------------

           precision    recall  f1-score   support

      B-LOC       0.74      0.77      0.75       218
     B-MISC       0.49      0.32      0.39       141
      B-ORG       0.75      0.77      0.76       296
      B-PER       0.79      0.93      0.85       438
      I-LOC       0.76      0.82      0.78       141
     I-MISC       0.63      0.34      0.44       154
      I-ORG       0.60      0.64      0.62       151
      I-PER       0.85      0.91      0.88       214
          O       0.99      0.98      0.98      7318

avg / total       0.94      0.94      0.94      9071

	B-LOC 	B-MISC 	B-ORG 	B-PER 	I-LOC 	I-MISC 	I-ORG 	I-PER 	O
B-LOC 	167 	11 	11 	12 	1 	3 	3 	3 	7 	
B-MISC 	21 	45 	29 	5 	0 	7 	4 	1 	29 	
B-ORG 	10 	15 	228 	21 	6 	2 	6 	1 	7 	
B-PER 	0 	2 	0 	406 	0 	1 	3 	13 	13 	
I-LOC 	3 	1 	1 	1 	115 	7 	8 	3 	2 	
I-MISC 	6 	4 	6 	6 	16 	52 	33 	6 	25 	
I-ORG 	3 	0 	4 	5 	14 	6 	97 	6 	16 	
I-PER 	0 	0 	0 	11 	0 	1 	1 	195 	6 	
O 	15 	14 	27 	46 	0 	4 	8 	2 	7202 	
0.683942981889
0.74210975263

-------------------------------------------------------------------------------

            precision    recall  f1-score   support

      B-LOC       0.74      0.80      0.77       218
     B-MISC       0.37      0.52      0.43       141
      B-ORG       0.77      0.75      0.76       296
      B-PER       0.88      0.77      0.82       438
      I-LOC       0.74      0.87      0.80       141
     I-MISC       0.44      0.59      0.50       154
      I-ORG       0.64      0.60      0.62       151
      I-PER       0.83      0.86      0.84       214
          O       0.99      0.98      0.98      7318

avg / total       0.94      0.93      0.93      9071

	B-LOC 	B-MISC 	B-ORG 	B-PER 	I-LOC 	I-MISC 	I-ORG 	I-PER 	O
B-LOC 	175 	19 	8 	1 	1 	4 	3 	2 	5 	
B-MISC 	21 	74 	12 	3 	0 	16 	3 	0 	12 	
B-ORG 	15 	26 	223 	8 	5 	6 	7 	1 	5 	
B-PER 	7 	25 	15 	339 	1 	5 	7 	21 	18 	
I-LOC 	3 	2 	0 	0 	123 	10 	1 	1 	1 	
I-MISC 	2 	7 	1 	2 	19 	91 	11 	6 	15 	
I-ORG 	0 	2 	1 	3 	14 	23 	90 	5 	13 	
I-PER 	0 	0 	1 	9 	3 	9 	4 	184 	4 	
O 	15 	45 	29 	21 	1 	44 	14 	3 	7146 	
0.693449354117
0.720665742025

-------------------------------------------------------------------------------

            precision    recall  f1-score   support

      B-LOC       0.75      0.70      0.72       218
     B-MISC       0.45      0.36      0.40       141
      B-ORG       0.74      0.75      0.74       296
      B-PER       0.78      0.89      0.83       438
      I-LOC       0.72      0.79      0.75       141
     I-MISC       0.68      0.34      0.45       154
      I-ORG       0.67      0.56      0.61       151
      I-PER       0.82      0.89      0.85       214
          O       0.98      0.99      0.98      7318

avg / total       0.93      0.93      0.93      9071

	B-LOC 	B-MISC 	B-ORG 	B-PER 	I-LOC 	I-MISC 	I-ORG 	I-PER 	O
B-LOC 	152 	20 	18 	14 	1 	1 	3 	3 	6 	
B-MISC 	24 	51 	15 	4 	0 	3 	3 	1 	40 	
B-ORG 	8 	13 	221 	22 	6 	2 	4 	1 	19 	
B-PER 	1 	3 	3 	392 	1 	3 	6 	15 	14 	
I-LOC 	1 	2 	1 	0 	112 	7 	9 	4 	5 	
I-MISC 	3 	9 	5 	6 	21 	52 	12 	7 	39 	
I-ORG 	2 	1 	7 	5 	13 	4 	84 	9 	26 	
I-PER 	0 	1 	0 	16 	0 	3 	0 	191 	3 	
O 	12 	13 	28 	45 	2 	1 	5 	2 	7210 	
0.670938945338
0.725014442519

