             precision    recall  f1-score   support

          O       0.99      0.97      0.98      7318
      B-PER       0.93      0.84      0.88       438
      B-LOC       0.73      0.78      0.76       218
      B-ORG       0.76      0.75      0.75       296
      I-PER       0.91      0.66      0.77       214
     B-MISC       0.61      0.35      0.44       141
     I-MISC       0.57      0.45      0.50       154
      I-LOC       0.70      0.82      0.76       141
      I-ORG       0.64      0.62      0.63       151

avg / total       0.94      0.91      0.93      9071

Sklearn confusion matrix
[[25706     0     0     0     0     0     0     0     0     0]
 [  154  7067     5    20    33     2    10    17     0    10]
 [   46     9   368     0     2     7     1     3     0     2]
 [    9     6     3   171    10     0    10     2     4     3]
 [   31    13     2    12   222     1     2     3     4     6]
 [   44     5    16     1     0   142     1     1     0     4]
 [   14    24     2    21    16     1    49     8     4     2]
 [    3    25     0     3     5     1     5    69    21    22]
 [   10     0     0     1     0     0     2     9   116     3]
 [    3    18     0     4     5     2     0     9    17    93]]

F-1 Score:
0.735865988633

